((("1000" .
   [2 0 0 0])
  ("torn" .
   [0 0 1 0])
  ("htmlPrint" .
   [0 0 0 0 0 2 0 0 0])
  ("write" .
   [8 0 0 1 2])
  ("outfile" .
   [0 0 0 0 0 2 1])
  ("OUTPUT" .
   [0 0 1 4 0 0])
  ("outfileHTML" .
   [0 0 0 1 0 1 0 4 2 3 1])
  ("sentence_test_english" .
   [0 0 0 0 0 0 0 0 0 0 0 0 0 0 0 2 0 0 0 0 0])
  ("sentence_test_spanish" .
   [0 0 0 0 0 0 0 0 0 0 0 0 0 0 0 2 0 0 0 0 0])
  ("is_english" .
   [0 0 0 2 0 0 0 0 0 0])
  ("sentence_test" .
   [0 0 0 0 1 1 1 0 0 0 0 0 1])
  ("get_language" .
   [0 0 0 0 3 0 0 0 0 0 0 0])
  ("list" .
   [4 0 1 0])
  ("numy" .
   [0 0 1 1])
  ("hello" .
   [0 0 0 1 1])
  ("number" .
   [2 0 2 4 0 0])
  ("title" .
   [0 0 1 1 0])
  ("author" .
   [0 0 0 1 0 0])
  ("main" .
   [7 0 0 0])
  ("NLTK" .
   [0 0 0 1])
  ("wordpunct_tokennize" .
   [0 0 0 0 0 0 0 0 0 1 0 0 0 0 0 0 0 0 0])
  ("split" .
   [0 0 0 1 0])
  ("nltk" .
   [1 0 0 0])
  ("stop" .
   [1 0 0 0])
  ("stopwords" .
   [1 0 0 0 2 0 0 0 1])
  ("stop_fields" .
   [0 0 0 0 0 1 0 0 0 0 0])
  ("work" .
   [0 0 1 0])
  ("wordpunct_tokenize" .
   [0 0 0 0 1 0 0 0 0 0 0 0 0 0 0 0 0 0])
  ("words" .
   [3 0 0 0 0])
  ("word" .
   [1 0 0 0])
  ("tokens" .
   [1 0 0 0 0 0])
  ("languge" .
   [0 0 0 0 0 0 4])
  ("words_set" .
   [0 0 0 0 0 0 0 0 1])
  ("stopwords_set" .
   [0 0 0 0 0 1 0 0 0 0 0 0 0])
  ("language" .
   [0 0 0 0 1 0 2 1])
  ("common_element" .
   [0 0 0 0 1 0 0 0 0 0 0 0 0 0])
  ("print" .
   [6 0 0 0 2])
  ("language_ratios" .
   [0 0 0 2 2 0 0 0 0 0 0 0 0 0 0])
  ("languages_ratios" .
   [0 0 0 1 0 0 0 0 0 0 0 0 0 0 0 0])
  ("outstr" .
   [0 0 0 1 0 0])
  ("li" .
   [5 0])
  ("$v0" .
   [10 0 0])
  ("syscall" .
   [2 0 3 3 7 0 0])
  ("$a0" .
   [5 0 4])
  ("payment" .
   [2 0 0 0 0 1 2])
  ("user" .
   [7 0 0 0])
  ("input" .
   [7 0 0 0 0])
  ("move" .
   [2 0 0 0])
  ("Pay" .
   [2 0 0])
  ("asciiz" .
   [0 0 6 3 0 0])
  ("chose" .
   [1 0 0 0 0])
  ("info" .
   [2 0 0 0])
  ("you" .
   [3 0 0])
  ("choose" .
   [2 0 0 0 1 0])
  ("gas" .
   [4 0 0])
  ("----------------------------------------------------------------------------" .
   [0 0 0 0 0 2 0 1 0 0 0 0 0 0 0 0 0 0 0 0 0 0 0 0 0 0 0 0 0 0 0 0 0 0 0 0 0 0 0 0 0 0 0 0 0 0 0 0 0 0 0 0 0 0 0 0 0 0 0 0 0 0 0 0 0 0 0 1 0 0 0 0 0 0 0 1])
  ("into" .
   [2 0 0 0])
  ("functions" .
   [0 0 0 0 0 1 0 0 1])
  ("jal" .
   [3 0 0])
  ("grabs" .
   [1 0 0 0 0])
  ("the" .
   [7 0 0])
  ("typegas" .
   [0 0 2 0 1 0 0])
  ("whichGas" .
   [0 0 1 0 2 1 0 0])
  ("space" .
   [0 0 1 0 0])
  ("pref" .
   [2 0 0 0])
  ("gaspref" .
   [1 0 0 1 0 0 0])
  ("---" .
   [1 0 0])
  ("quit" .
   [2 0 0 0])
  ("$t7" .
   [1 0 0])
  ("$t6" .
   [1 0 0])
  ("fin" .
   [2 0 0])
  ("bye" .
   [0 0 1])
  ("beq" .
   [1 0 0])
  ("was" .
   [1 0 0])
  ("and" .
   [7 0 0])
  ("not" .
   [2 0 0])
  ("well" .
   [1 0 0 0])
  ("for" .
   [3 0 0])
  ("Gas" .
   [1 0 0])
  ("gallswant" .
   [0 0 0 0 1 0 0 0 0])
  ("getgallons" .
   [0 0 0 0 0 1 0 0 0 0])
  ("la" .
   [3 0])
  ("$f0" .
   [6 0 0])
  ("many" .
   [1 0 0 0])
  ("gallons" .
   [3 0 0 0 0 0 0])
  ("want" .
   [1 0 0 0])
  ("$ra" .
   [1 0 0])
  ("$f6" .
   [3 0 0])
  ("$f4" .
   [3 0 0])
  ("tempflt" .
   [0 0 0 0 1 0 0])
  ("add" .
   [1 0 0])
  ("fueling" .
   [0 0 0 1 1 0 0])
  ("mov" .
   [1 0 0])
  ("$f12" .
   [2 0 0 0])
  ("wrapUp" .
   [0 0 0 0 1 0])
  ("program" .
   [4 0 0 0 0 0 0])
  ("as" .
   [1 0])
  ("This" .
   [1 0 0 0])
  ("type" .
   [2 0 0 0])
  ("enter" .
   [1 0 0 0 0])
  ("pay" .
   [1 0 0])
  ("of" .
   [2 0])
  ("sure" .
   [1 0 0 0])
  ("make" .
   [1 0 0 0])
  ("makeCSS" .
   [0 0 0 0 0 1 1])
  ("HTMLfileName" .
   [0 0 1 2 0 1 0 0 0 0 0 2])
  ("close" .
   [1 0 0 0 0])
  ("outCSSfile" .
   [0 0 0 0 2 1 1 0 0 0])
  ("cssName" .
   [0 0 0 1 0 0 0])
  ("factorialRecursive" .
   [1 0 0 2 0 0 0 0 0 0 0 0 0 0 0 0 0 2])
  ("num" .
   [9 0 0])
  ("cout" .
   [1 0 0 0])
  ("endl" .
   [1 0 0 0])
  ("include" .
   [0 0 0 0 1 0 0])
  ("iostream" .
   [0 0 0 1 0 0 0 0])
  ("namespace" .
   [0 0 0 0 1 0 0 0 0])
  ("std" .
   [0 0 1])))
